# ZDOOMNAVMESH

# lines
l 320 -64 368 -64 -1 57 0
l 368 -64 368 64 6 21 0
l 368 64 320 64 -1 28 0
l 320 64 320 -64 5 32 0
l -536 64 -536 -64 88 164 0
l -536 -64 -512 -64 -1 186 0
l -512 -64 -512 64 78 16 0
l -512 64 -536 64 -1 51 0
l 656 64 632 64 -1 128 0
l 632 64 632 -64 41 48 0
l 632 -64 656 -64 -1 15 0
l 656 -64 656 64 8 22 0
l 512 -64 512 64 7 41 0
l 512 64 464 64 -1 40 0
l 464 64 416 64 -1 63 0
l 416 64 416 -64 6 64 0
l 416 -64 464 -64 -1 20 0
l 464 -64 512 -64 -1 34 0
l 680 -64 704 -64 -1 127 0
l 704 -64 704 64 63 126 0
l 704 64 680 64 -1 24 0
l 680 64 680 -64 8 31 0
l 320 64 272 64 -1 42 0
l 272 64 272 -64 166 179 0
l 272 -64 320 -64 -1 25 0
l 320 -64 320 64 0 32 0
l 416 64 368 64 -1 44 0
l 368 64 368 -64 0 21 0
l 368 -64 416 -64 -1 2 0
l 416 -64 416 64 3 64 0
l 512 -64 536 -64 -1 50 0
l 536 -64 536 64 46 47 0
l 536 64 512 64 -1 23 0
l 512 64 512 -64 3 41 0
l 680 -64 680 64 4 31 0
l 680 64 656 64 -1 129 0
l 656 64 656 -64 2 22 0
l 656 -64 680 -64 -1 33 0
l 1799 -2339 2112 -1856 -1 77 0
l 2112 -1856 2046 -1871 12 -1 0
l 2046 -1871 1784 -2273 -1 81 0
l 1784 -2273 1799 -2339 10 -1 0
l 1316 -2026 1799 -2339 -1 76 0
l 1799 -2339 1784 -2273 9 -1 0
l 1784 -2273 1382 -2012 -1 80 0
l 1382 -2012 1316 -2026 11 -1 0
l 1629 -1543 1316 -2026 -1 75 0
l 1316 -2026 1382 -2012 10 -1 0
l 1382 -2012 1643 -1609 -1 79 0
l 1643 -1609 1629 -1543 12 -1 0
l 2112 -1856 1629 -1543 -1 78 0
l 1629 -1543 1643 -1609 11 -1 0
l 1643 -1609 2046 -1871 -1 82 0
l 2046 -1871 2112 -1856 9 -1 0
l 1979 -1885 2046 -1871 19 -1 0
l 2046 -1871 1643 -1609 -1 82 0
l 1643 -1609 1979 -1885 14 -1 0
l 1657 -1676 1979 -1885 -1 86 0
l 1979 -1885 1643 -1609 13 -1 0
l 1643 -1609 1657 -1676 15 -1 0
l 1657 -1676 1643 -1609 14 -1 0
l 1643 -1609 1382 -2012 -1 79 0
l 1382 -2012 1657 -1676 16 -1 0
l 1448 -1998 1657 -1676 -1 83 0
l 1657 -1676 1382 -2012 15 -1 0
l 1382 -2012 1448 -1998 17 -1 0
l 1448 -1998 1382 -2012 16 -1 0
l 1382 -2012 1784 -2273 -1 80 0
l 1784 -2273 1448 -1998 18 -1 0
l 1770 -2207 1448 -1998 -1 84 0
l 1448 -1998 1784 -2273 17 -1 0
l 1784 -2273 1770 -2207 19 -1 0
l 1770 -2207 1784 -2273 18 -1 0
l 1784 -2273 2046 -1871 -1 81 0
l 2046 -1871 1979 -1885 13 -1 0
l 1979 -1885 1770 -2207 -1 85 0
l 1913 -1899 1979 -1885 22 -1 0
l 1979 -1885 1657 -1676 -1 86 0
l 1657 -1676 1913 -1899 21 -1 0
l 1672 -1742 1913 -1899 -1 90 0
l 1913 -1899 1657 -1676 20 -1 0
l 1657 -1676 1672 -1742 24 -1 0
l 1770 -2207 1979 -1885 -1 85 0
l 1979 -1885 1913 -1899 20 -1 0
l 1913 -1899 1756 -2140 -1 89 0
l 1756 -2140 1770 -2207 23 -1 0
l 1448 -1998 1770 -2207 -1 84 0
l 1770 -2207 1756 -2140 22 -1 0
l 1756 -2140 1515 -1983 -1 88 0
l 1515 -1983 1448 -1998 24 -1 0
l 1657 -1676 1448 -1998 -1 83 0
l 1448 -1998 1515 -1983 23 -1 0
l 1515 -1983 1672 -1742 -1 87 0
l 1672 -1742 1657 -1676 21 -1 0
l 1756 -2140 1913 -1899 -1 89 0
l 1913 -1899 1847 -1913 28 -1 0
l 1847 -1913 1742 -2074 -1 93 0
l 1742 -2074 1756 -2140 26 -1 0
l 1515 -1983 1756 -2140 -1 88 0
l 1756 -2140 1742 -2074 25 -1 0
l 1742 -2074 1581 -1969 -1 92 0
l 1581 -1969 1515 -1983 27 -1 0
l 1672 -1742 1515 -1983 -1 87 0
l 1515 -1983 1581 -1969 26 -1 0
l 1581 -1969 1686 -1808 -1 91 0
l 1686 -1808 1672 -1742 28 -1 0
l 1913 -1899 1672 -1742 -1 90 0
l 1672 -1742 1686 -1808 27 -1 0
l 1686 -1808 1847 -1913 -1 94 0
l 1847 -1913 1913 -1899 25 -1 0
l 1780 -1927 1847 -1913 35 -1 0
l 1847 -1913 1686 -1808 -1 94 0
l 1686 -1808 1780 -1927 30 -1 0
l 1700 -1875 1780 -1927 -1 98 0
l 1780 -1927 1686 -1808 29 -1 0
l 1686 -1808 1700 -1875 31 -1 0
l 1700 -1875 1686 -1808 30 -1 0
l 1686 -1808 1581 -1969 -1 91 0
l 1581 -1969 1700 -1875 32 -1 0
l 1648 -1955 1700 -1875 -1 95 0
l 1700 -1875 1581 -1969 31 -1 0
l 1581 -1969 1648 -1955 33 -1 0
l 1648 -1955 1581 -1969 32 -1 0
l 1581 -1969 1742 -2074 -1 92 0
l 1742 -2074 1648 -1955 34 -1 0
l 1728 -2007 1648 -1955 -1 96 0
l 1648 -1955 1742 -2074 33 -1 0
l 1742 -2074 1728 -2007 35 -1 0
l 1728 -2007 1742 -2074 34 -1 0
l 1742 -2074 1847 -1913 -1 93 0
l 1847 -1913 1780 -1927 29 -1 0
l 1780 -1927 1728 -2007 -1 97 0
l 1728 -2007 1780 -1927 -1 97 0
l 1780 -1927 1700 -1875 -1 98 0
l 1700 -1875 1648 -1955 -1 95 0
l 1648 -1955 1728 -2007 -1 96 0
l -896 1344 -832 1600 70 106 0
l -832 1600 -960 1760 65 107 0
l -960 1760 -1152 1728 60 105 0
l -1152 1728 -1216 1664 -1 113 0
l -1216 1664 -1280 1344 59 109 0
l -1280 1344 -1045 1259 77 55 0
l -1045 1259 -896 1344 71 104 0
l -1152 1728 -1088 1792 -1 112 0
l -1088 1792 -992 1984 -1 150 0
l -992 1984 -1408 1984 -1 115 0
l -1408 1984 -1152 1728 -1 153 0
l 584 64 560 64 -1 29 0
l 560 64 560 -64 46 17 0
l 560 -64 584 -64 -1 3 0
l 584 -64 584 64 40 18 0
l 608 -64 608 64 41 5 0
l 608 64 584 64 -1 46 0
l 584 64 584 -64 39 18 0
l 584 -64 608 -64 -1 35 0
l 632 64 608 64 -1 39 0
l 608 64 608 -64 40 5 0
l 608 -64 632 -64 -1 1 0
l 632 -64 632 64 2 48 0
l -1536 1408 -1472 1536 -1 142 0
l -1472 1536 -1728 1600 -1 114 0
l -1728 1600 -1536 1408 43 -1 0
l -1728 1344 -1536 1408 -1 145 0
l -1536 1408 -1728 1600 42 -1 0
l -1728 1600 -1728 1344 44 -1 0
l -1920 1440 -1728 1344 -1 146 0
l -1728 1344 -1728 1600 43 -1 0
l -1728 1600 -1856 1728 -1 111 0
l -1856 1728 -1984 1600 -1 143 0
l -1984 1600 -1920 1440 45 -1 0
l -1920 1440 -1984 1600 44 -1 0
l -1984 1600 -1984 1440 -1 144 0
l -1984 1440 -1920 1440 -1 154 0
l 560 -64 560 64 39 17 0
l 560 64 536 64 -1 65 0
l 536 64 536 -64 7 47 0
l 536 -64 560 -64 -1 66 0
l -1216 1664 -1152 1728 -1 113 0
l -1152 1728 -1408 1984 -1 153 0
l -1408 1984 -1536 1984 -1 151 0
l -1536 1984 -1216 1664 -1 152 0
l 680 64 704 64 -1 24 0
l 704 64 704 768 -1 4 0
l 704 768 656 720 51 -1 0
l 656 720 680 64 52 -1 0
l -704 768 -704 64 -1 133 0
l -704 64 -680 64 -1 165 0
l -680 64 -656 720 50 -1 0
l -656 720 -704 768 51 -1 0
l -680 64 -656 64 -1 196 0
l -656 64 -656 720 -1 138 0
l -656 720 -680 64 49 -1 0
l 704 768 -704 768 -1 131 0
l -704 768 -656 720 49 -1 0
l -656 720 656 720 -1 103 0
l 656 720 704 768 48 -1 0
l 656 64 680 64 -1 129 0
l 680 64 656 720 48 -1 0
l 656 720 656 64 -1 45 0
l -656 -720 -656 -64 -1 140 0
l -656 -64 -680 -64 -1 148 0
l -680 -64 -704 -768 54 -1 0
l -704 -768 -656 -720 55 -1 0
l -680 -64 -704 -64 -1 187 0
l -704 -64 -704 -768 -1 172 0
l -704 -768 -680 -64 53 -1 0
l -656 -720 -704 -768 53 -1 0
l -704 -768 704 -768 -1 157 0
l 704 -768 -656 -720 56 -1 0
l 656 -720 -656 -720 -1 161 0
l -656 -720 704 -768 55 -1 0
l 704 -768 656 -720 57 -1 0
l 656 -720 704 -768 56 -1 0
l 704 -768 704 -64 -1 70 0
l 704 -64 680 -64 -1 127 0
l 680 -64 656 -720 58 -1 0
l 656 -720 680 -64 57 -1 0
l 680 -64 656 -64 -1 33 0
l 656 -64 656 -720 -1 59 0
l -1280 1344 -1216 1664 37 109 0
l -1216 1664 -1280 1600 -1 117 0
l -1280 1600 -1280 1344 66 -1 0
l -1088 1792 -1152 1728 -1 112 0
l -1152 1728 -960 1760 37 105 0
l -960 1760 -1088 1792 69 -1 0
l 2112 -1856 4032 -4032 67 -1 0
l 4032 -4032 4032 1984 -1 52 0
l 4032 1984 704 -64 63 -1 0
l 704 -64 2112 -1856 62 -1 0
l 1629 -1543 2112 -1856 -1 78 0
l 2112 -1856 704 -64 61 -1 0
l 704 -64 704 -768 -1 70 0
l 704 -768 1629 -1543 74 -1 0
l 704 64 704 -64 4 126 0
l 704 -64 4032 1984 61 -1 0
l 4032 1984 704 64 64 -1 0
l 704 768 704 64 -1 4 0
l 704 64 4032 1984 63 -1 0
l 4032 1984 704 768 65 -1 0
l 704 768 4032 1984 64 -1 0
l 4032 1984 -992 1984 -1 167 0
l -992 1984 -960 1760 69 -1 0
l -960 1760 -832 1600 37 107 0
l -832 1600 704 768 70 -1 0
l -1280 1344 -1280 1600 59 -1 0
l -1280 1600 -1472 1536 -1 116 0
l -1472 1536 -1536 1408 -1 142 0
l -1536 1408 -1280 1344 77 -1 0
l 4032 -4032 2112 -1856 61 -1 0
l 2112 -1856 1799 -2339 -1 77 0
l 1799 -2339 4032 -4032 68 -1 0
l -1984 -4032 4032 -4032 -1 74 0
l 4032 -4032 1799 -2339 67 -1 0
l 1799 -2339 1316 -2026 -1 76 0
l 1316 -2026 -1984 -4032 75 -1 0
l -992 1984 -1088 1792 -1 150 0
l -1088 1792 -960 1760 60 -1 0
l -960 1760 -992 1984 65 -1 0
l -704 768 704 768 -1 131 0
l 704 768 -832 1600 65 -1 0
l -832 1600 -896 1344 37 106 0
l -896 1344 -704 768 71 -1 0
l -704 768 -896 1344 70 -1 0
l -896 1344 -1045 1259 37 104 0
l -1045 1259 -704 768 77 -1 0
l -1920 1440 -1984 1440 -1 154 0
l -1984 1440 -1984 -4032 -1 139 0
l -1984 -4032 -1920 1440 73 -1 0
l -1728 1344 -1920 1440 -1 146 0
l -1920 1440 -1984 -4032 72 -1 0
l -1984 -4032 -704 -768 75 -1 0
l -704 -768 -704 -64 -1 172 0
l -704 -64 -1728 1344 76 -1 0
l 1316 -2026 1629 -1543 -1 75 0
l 1629 -1543 704 -768 62 -1 0
l 704 -768 1316 -2026 75 -1 0
l -1984 -4032 1316 -2026 68 -1 0
l 1316 -2026 704 -768 74 -1 0
l 704 -768 -704 -768 -1 157 0
l -704 -768 -1984 -4032 73 -1 0
l -1728 1344 -704 -64 73 -1 0
l -704 -64 -704 64 165 11 0
l -704 64 -1728 1344 77 -1 0
l -1728 1344 -704 64 76 -1 0
l -704 64 -704 768 -1 133 0
l -704 768 -1045 1259 71 -1 0
l -1045 1259 -1280 1344 37 55 0
l -1280 1344 -1536 1408 66 -1 0
l -1536 1408 -1728 1344 -1 145 0
l -416 -64 -416 64 79 121 0
l -416 64 -464 64 -1 183 0
l -464 64 -512 64 -1 158 0
l -512 64 -512 -64 1 16 0
l -512 -64 -464 -64 -1 19 0
l -464 -64 -416 -64 -1 135 0
l -368 64 -416 64 -1 170 0
l -416 64 -416 -64 78 121 0
l -416 -64 -368 -64 -1 125 0
l -368 -64 -368 64 167 184 0
l 464 528 464 64 -1 26 0
l 464 64 512 64 -1 40 0
l 512 64 512 576 -1 56 0
l 512 576 464 528 81 -1 0
l 464 528 512 576 80 -1 0
l 512 576 -512 576 -1 58 0
l -512 576 464 528 82 -1 0
l -464 528 464 528 -1 108 0
l 464 528 -512 576 81 -1 0
l -512 576 -464 528 83 -1 0
l -464 528 -512 576 82 -1 0
l -512 576 -512 64 -1 7 0
l -512 64 -464 64 -1 158 0
l -464 64 -464 528 -1 10 0
l -464 -528 -464 -64 -1 189 0
l -464 -64 -512 -64 -1 19 0
l -512 -64 -512 -576 -1 156 0
l -512 -576 -464 -528 85 -1 0
l -464 -528 -512 -576 84 -1 0
l -512 -576 512 -576 -1 123 0
l 512 -576 -464 -528 86 -1 0
l 464 -528 -464 -528 -1 72 0
l -464 -528 512 -576 85 -1 0
l 512 -576 464 -528 87 -1 0
l 464 -528 512 -576 86 -1 0
l 512 -576 512 -64 -1 37 0
l 512 -64 464 -64 -1 34 0
l 464 -64 464 -528 -1 124 0
l -536 64 -560 64 -1 176 0
l -560 64 -560 -64 156 180 0
l -560 -64 -536 -64 -1 60 0
l -536 -64 -536 64 1 164 0
l -608 64 -632 64 -1 169 0
l -632 64 -632 -64 168 118 0
l -632 -64 -608 -64 -1 38 0
l -608 -64 -608 64 107 173 0
l 272 336 272 64 -1 30 0
l 272 64 320 64 -1 42 0
l 320 64 320 384 -1 0 0
l 320 384 272 336 91 -1 0
l 272 336 320 384 90 -1 0
l 320 384 -320 384 -1 141 0
l -320 384 272 336 92 -1 0
l -272 336 272 336 -1 166 0
l 272 336 -320 384 91 -1 0
l -320 384 -272 336 93 -1 0
l -272 336 -320 384 92 -1 0
l -320 384 -320 64 -1 130 0
l -320 64 -272 64 -1 188 0
l -272 64 -272 336 -1 12 0
l -272 -336 -272 -64 -1 193 0
l -272 -64 -320 -64 -1 149 0
l -320 -64 -320 -384 -1 168 0
l -320 -384 -272 -336 95 -1 0
l -272 -336 -320 -384 94 -1 0
l -320 -384 320 -384 -1 147 0
l 320 -384 -272 -336 96 -1 0
l 272 -336 -272 -336 -1 137 0
l -272 -336 320 -384 95 -1 0
l 320 -384 272 -336 97 -1 0
l 272 -336 320 -384 96 -1 0
l 320 -384 320 -64 -1 53 0
l 320 -64 272 -64 -1 25 0
l 272 -64 272 -336 -1 136 0
l 320 64 368 64 -1 28 0
l 368 64 368 432 -1 132 0
l 368 432 320 64 99 -1 0
l 320 384 320 64 -1 0 0
l 320 64 368 432 98 -1 0
l 368 432 320 384 100 -1 0
l 320 384 368 432 99 -1 0
l 368 432 -368 432 -1 155 0
l -368 432 320 384 101 -1 0
l -320 384 320 384 -1 141 0
l 320 384 -368 432 100 -1 0
l -368 432 -320 384 102 -1 0
l -320 384 -368 432 101 -1 0
l -368 432 -368 64 -1 14 0
l -368 64 -320 64 -1 159 0
l -320 64 -320 384 -1 130 0
l -320 -384 -320 -64 -1 168 0
l -320 -64 -368 -64 -1 191 0
l -368 -64 -368 -432 -1 119 0
l -368 -432 -320 -384 104 -1 0
l -320 -384 -368 -432 103 -1 0
l -368 -432 368 -432 -1 120 0
l 368 -432 -320 -384 105 -1 0
l 320 -384 -320 -384 -1 147 0
l -320 -384 368 -432 104 -1 0
l 368 -432 320 -384 106 -1 0
l 320 -384 368 -432 105 -1 0
l 368 -432 368 -64 -1 36 0
l 368 -64 320 -64 -1 57 0
l 320 -64 320 -384 -1 53 0
l -608 -64 -584 -64 -1 160 0
l -584 -64 -584 64 156 181 0
l -584 64 -608 64 -1 73 0
l -608 64 -608 -64 89 173 0
l -1984 1984 -1984 1600 -1 110 0
l -1984 1600 -1856 1728 -1 143 0
l -1856 1728 -1984 1984 109 -1 0
l -1536 1984 -1984 1984 -1 69 0
l -1984 1984 -1856 1728 108 -1 0
l -1856 1728 -1728 1600 -1 111 0
l -1728 1600 -1536 1984 110 -1 0
l -1216 1664 -1536 1984 -1 152 0
l -1536 1984 -1728 1600 109 -1 0
l -1728 1600 -1472 1536 -1 114 0
l -1472 1536 -1280 1600 -1 116 0
l -1280 1600 -1216 1664 -1 117 0
l -416 -480 -416 -64 -1 100 0
l -416 -64 -464 -64 -1 135 0
l -464 -64 -464 -528 -1 189 0
l -464 -528 -416 -480 112 -1 0
l -416 -480 -464 -528 111 -1 0
l -464 -528 464 -528 -1 72 0
l 464 -528 -416 -480 113 -1 0
l 416 -480 -416 -480 -1 8 0
l -416 -480 464 -528 112 -1 0
l 464 -528 416 -480 114 -1 0
l 416 -480 464 -528 113 -1 0
l 464 -528 464 -64 -1 124 0
l 464 -64 416 -64 -1 20 0
l 416 -64 416 -480 -1 102 0
l 416 64 464 64 -1 63 0
l 464 64 464 528 -1 26 0
l 464 528 416 64 116 -1 0
l 416 480 416 64 -1 49 0
l 416 64 464 528 115 -1 0
l 464 528 416 480 117 -1 0
l 416 480 464 528 116 -1 0
l 464 528 -464 528 -1 108 0
l -464 528 416 480 118 -1 0
l -416 480 416 480 -1 175 0
l 416 480 -464 528 117 -1 0
l -464 528 -416 480 119 -1 0
l -416 480 -464 528 118 -1 0
l -464 528 -464 64 -1 10 0
l -464 64 -416 64 -1 183 0
l -416 64 -416 480 -1 54 0
l -656 64 -680 64 -1 196 0
l -680 64 -680 -64 165 194 0
l -680 -64 -656 -64 -1 148 0
l -656 -64 -656 64 168 185 0
l -608 -672 -608 -64 -1 190 0
l -608 -64 -632 -64 -1 38 0
l -632 -64 -656 -720 122 -1 0
l -656 -720 -608 -672 123 -1 0
l -632 -64 -656 -64 -1 162 0
l -656 -64 -656 -720 -1 140 0
l -656 -720 -632 -64 121 -1 0
l -608 -672 -656 -720 121 -1 0
l -656 -720 656 -720 -1 161 0
l 656 -720 -608 -672 124 -1 0
l 608 -672 -608 -672 -1 13 0
l -608 -672 656 -720 123 -1 0
l 656 -720 608 -672 125 -1 0
l 608 -672 656 -720 124 -1 0
l 656 -720 656 -64 -1 59 0
l 656 -64 632 -64 -1 15 0
l 632 -64 608 -672 126 -1 0
l 608 -672 632 -64 125 -1 0
l 632 -64 608 -64 -1 1 0
l 608 -64 608 -672 -1 101 0
l 632 64 656 64 -1 128 0
l 656 64 656 720 -1 45 0
l 656 720 608 672 130 -1 0
l 608 672 632 64 131 -1 0
l -656 720 -656 64 -1 138 0
l -656 64 -632 64 -1 178 0
l -632 64 -608 672 129 -1 0
l -608 672 -656 720 130 -1 0
l -632 64 -608 64 -1 169 0
l -608 64 -608 672 -1 122 0
l -608 672 -632 64 128 -1 0
l 656 720 -656 720 -1 103 0
l -656 720 -608 672 128 -1 0
l -608 672 608 672 -1 177 0
l 608 672 656 720 127 -1 0
l 608 64 632 64 -1 39 0
l 632 64 608 672 127 -1 0
l 608 672 608 64 -1 27 0
l 584 64 608 64 -1 46 0
l 608 64 608 672 -1 27 0
l 608 672 560 624 135 -1 0
l 560 624 584 64 136 -1 0
l -608 672 -608 64 -1 122 0
l -608 64 -584 64 -1 73 0
l -584 64 -560 624 134 -1 0
l -560 624 -608 672 135 -1 0
l -584 64 -560 64 -1 171 0
l -560 64 -560 624 -1 62 0
l -560 624 -584 64 133 -1 0
l 608 672 -608 672 -1 177 0
l -608 672 -560 624 133 -1 0
l -560 624 560 624 -1 134 0
l 560 624 608 672 132 -1 0
l 560 64 584 64 -1 29 0
l 584 64 560 624 132 -1 0
l 560 624 560 64 -1 43 0
l -560 -624 -560 -64 -1 99 0
l -560 -64 -584 -64 -1 192 0
l -584 -64 -608 -672 138 -1 0
l -608 -672 -560 -624 139 -1 0
l -584 -64 -608 -64 -1 160 0
l -608 -64 -608 -672 -1 190 0
l -608 -672 -584 -64 137 -1 0
l -560 -624 -608 -672 137 -1 0
l -608 -672 608 -672 -1 13 0
l 608 -672 -560 -624 140 -1 0
l 560 -624 -560 -624 -1 68 0
l -560 -624 608 -672 139 -1 0
l 608 -672 560 -624 141 -1 0
l 560 -624 608 -672 140 -1 0
l 608 -672 608 -64 -1 101 0
l 608 -64 584 -64 -1 35 0
l 584 -64 560 -624 142 -1 0
l 560 -624 584 -64 141 -1 0
l 584 -64 560 -64 -1 3 0
l 560 -64 560 -624 -1 163 0
l -272 64 -320 64 -1 188 0
l -320 64 -320 -64 167 195 0
l -320 -64 -272 -64 -1 149 0
l -272 -64 -272 64 166 174 0
l 512 576 512 64 -1 56 0
l 512 64 536 64 -1 23 0
l 536 64 560 624 145 -1 0
l 560 624 512 576 146 -1 0
l 536 64 560 64 -1 65 0
l 560 64 560 624 -1 43 0
l 560 624 536 64 144 -1 0
l 512 576 560 624 144 -1 0
l 560 624 -560 624 -1 134 0
l -560 624 512 576 147 -1 0
l -512 576 512 576 -1 58 0
l 512 576 -560 624 146 -1 0
l -560 624 -512 576 148 -1 0
l -512 576 -560 624 147 -1 0
l -560 624 -560 64 -1 62 0
l -560 64 -536 64 -1 176 0
l -536 64 -512 576 149 -1 0
l -512 576 -536 64 148 -1 0
l -536 64 -512 64 -1 51 0
l -512 64 -512 576 -1 7 0
l -512 -576 -512 -64 -1 156 0
l -512 -64 -536 -64 -1 186 0
l -536 -64 -560 -624 151 -1 0
l -560 -624 -512 -576 152 -1 0
l -536 -64 -560 -64 -1 60 0
l -560 -64 -560 -624 -1 99 0
l -560 -624 -536 -64 150 -1 0
l -512 -576 -560 -624 150 -1 0
l -560 -624 560 -624 -1 68 0
l 560 -624 -512 -576 153 -1 0
l 512 -576 -512 -576 -1 123 0
l -512 -576 560 -624 152 -1 0
l 560 -624 512 -576 154 -1 0
l 512 -576 560 -624 153 -1 0
l 560 -624 560 -64 -1 163 0
l 560 -64 536 -64 -1 66 0
l 536 -64 512 -576 155 -1 0
l 512 -576 536 -64 154 -1 0
l 536 -64 512 -64 -1 50 0
l 512 -64 512 -576 -1 37 0
l -584 -64 -560 -64 -1 192 0
l -560 -64 -560 64 88 180 0
l -560 64 -584 64 -1 171 0
l -584 64 -584 -64 107 181 0
l 368 432 368 64 -1 132 0
l 368 64 416 64 -1 44 0
l 416 64 416 480 -1 49 0
l 416 480 368 432 158 -1 0
l 368 432 416 480 157 -1 0
l 416 480 -416 480 -1 175 0
l -416 480 368 432 159 -1 0
l -368 432 368 432 -1 155 0
l 368 432 -416 480 158 -1 0
l -416 480 -368 432 160 -1 0
l -368 432 -416 480 159 -1 0
l -416 480 -416 64 -1 54 0
l -416 64 -368 64 -1 170 0
l -368 64 -368 432 -1 14 0
l -368 -432 -368 -64 -1 119 0
l -368 -64 -416 -64 -1 125 0
l -416 -64 -416 -480 -1 100 0
l -416 -480 -368 -432 162 -1 0
l -368 -432 -416 -480 161 -1 0
l -416 -480 416 -480 -1 8 0
l 416 -480 -368 -432 163 -1 0
l 368 -432 -368 -432 -1 120 0
l -368 -432 416 -480 162 -1 0
l 416 -480 368 -432 164 -1 0
l 368 -432 416 -480 163 -1 0
l 416 -480 416 -64 -1 102 0
l 416 -64 368 -64 -1 2 0
l 368 -64 368 -432 -1 36 0
l -704 -64 -680 -64 -1 187 0
l -680 -64 -680 64 120 194 0
l -680 64 -704 64 -1 165 0
l -704 64 -704 -64 76 11 0
l -272 -64 -64 -64 -1 206 0
l -64 -64 64 -64 170 205 0
l 64 -64 272 -64 -1 182 0
l 272 -64 272 64 5 179 0
l 272 64 64 64 -1 201 0
l 64 64 -64 64 169 200 0
l -64 64 -272 64 -1 6 0
l -272 64 -272 -64 143 174 0
l -368 -64 -320 -64 -1 191 0
l -320 -64 -320 64 143 195 0
l -320 64 -368 64 -1 159 0
l -368 64 -368 -64 79 184 0
l -656 64 -656 -64 120 185 0
l -656 -64 -632 -64 -1 162 0
l -632 -64 -632 64 89 118 0
l -632 64 -656 64 -1 178 0
l 64 64 64 128 -1 199 0
l 64 128 -64 128 -1 198 0
l -64 128 -64 64 -1 197 0
l -64 64 64 64 166 200 0
l -64 -64 -64 -128 -1 204 0
l -64 -128 64 -128 -1 203 0
l 64 -128 64 -64 -1 202 0
l 64 -64 -64 -64 166 205 0

# polygons
p 192 640 0 4 1 0
p 168 640 4 4 2 0
p 48 640 8 4 3 0
p 192 640 12 6 4 0
p 0 640 18 4 5 0
p 192 640 22 4 6 0
p 192 640 26 4 7 0
p 168 640 30 4 8 0
p 24 640 34 4 9 0
p 64 640 38 4 11 0
p 64 640 42 4 11 0
p 64 640 46 4 11 0
p 64 640 50 4 11 0
p 128 640 54 3 12 0
p 128 640 57 3 12 0
p 128 640 60 3 12 0
p 128 640 63 3 12 0
p 128 640 66 3 12 0
p 128 640 69 3 12 0
p 128 640 72 4 12 0
p 192 640 76 3 13 0
p 192 640 79 3 13 0
p 192 640 82 4 13 0
p 192 640 86 4 13 0
p 192 640 90 4 13 0
p 256 640 94 4 14 0
p 256 640 98 4 14 0
p 256 640 102 4 14 0
p 256 640 106 4 14 0
p 320 640 110 3 15 0
p 320 640 113 3 15 0
p 320 640 116 3 15 0
p 320 640 119 3 15 0
p 320 640 122 3 15 0
p 320 640 125 3 15 0
p 320 640 128 4 15 0
p 384 640 132 4 16 0
p -20 640 136 7 17 0
p 320 640 143 4 18 0
p 120 640 147 4 19 0
p 96 640 151 4 20 0
p 72 640 155 4 21 0
p 192 640 159 3 22 0
p 192 640 162 3 22 0
p 192 640 165 5 22 0
p 192 640 170 3 22 0
p 144 640 173 4 23 0
p 272 640 177 4 24 0
p 64 640 181 4 25 0
p 64 640 185 4 25 0
p 64 640 189 3 25 0
p 64 640 192 4 25 0
p 64 640 196 3 25 0
p 64 640 199 4 25 0
p 64 640 203 3 25 0
p 64 640 206 3 25 0
p 64 640 209 3 25 0
p 64 640 212 4 25 0
p 64 640 216 3 25 0
p 0 640 219 3 26 0
p 0 640 222 3 26 0
p 0 640 225 4 26 0
p 0 640 229 4 26 0
p 0 640 233 3 26 0
p 0 640 236 3 26 0
p 0 640 239 5 26 0
p 0 640 244 4 26 0
p 0 640 248 3 26 0
p 0 640 251 4 26 0
p 0 640 255 3 26 0
p 0 640 258 4 26 0
p 0 640 262 3 26 0
p 0 640 265 3 26 0
p 0 640 268 5 26 0
p 0 640 273 3 26 0
p 0 640 276 4 26 0
p 0 640 280 3 26 0
p 0 640 283 6 26 0
p 192 640 289 6 27 0
p 192 640 295 4 28 0
p 320 640 299 4 29 0
p 320 640 303 3 29 0
p 320 640 306 3 29 0
p 320 640 309 4 29 0
p 320 640 313 4 29 0
p 320 640 317 3 29 0
p 320 640 320 3 29 0
p 320 640 323 4 29 0
p 144 640 327 4 30 0
p 72 640 331 4 31 0
p 576 640 335 4 32 0
p 576 640 339 3 32 0
p 576 640 342 3 32 0
p 576 640 345 4 32 0
p 576 640 349 4 32 0
p 576 640 353 3 32 0
p 576 640 356 3 32 0
p 576 640 359 4 32 0
p 512 640 363 3 33 0
p 512 640 366 3 33 0
p 512 640 369 3 33 0
p 512 640 372 3 33 0
p 512 640 375 4 33 0
p 512 640 379 4 33 0
p 512 640 383 3 33 0
p 512 640 386 3 33 0
p 512 640 389 4 33 0
p 96 640 393 4 34 0
p 320 640 397 3 35 0
p 320 640 400 4 35 0
p 320 640 404 5 35 0
p 384 640 409 4 36 0
p 384 640 413 3 36 0
p 384 640 416 3 36 0
p 384 640 419 4 36 0
p 384 640 423 3 36 0
p 384 640 426 3 36 0
p 384 640 429 3 36 0
p 384 640 432 3 36 0
p 384 640 435 4 36 0
p 24 640 439 4 37 0
p 128 640 443 4 38 0
p 128 640 447 3 38 0
p 128 640 450 3 38 0
p 128 640 453 3 38 0
p 128 640 456 4 38 0
p 128 640 460 3 38 0
p 128 640 463 4 38 0
p 128 640 467 4 38 0
p 128 640 471 3 38 0
p 128 640 474 4 38 0
p 128 640 478 3 38 0
p 192 640 481 4 39 0
p 192 640 485 4 39 0
p 192 640 489 3 39 0
p 192 640 492 4 39 0
p 192 640 496 3 39 0
p 192 640 499 4 39 0
p 192 640 503 3 39 0
p 192 640 506 3 39 0
p 192 640 509 3 39 0
p 192 640 512 4 39 0
p 192 640 516 3 39 0
p 192 640 519 4 40 0
p 256 640 523 4 41 0
p 256 640 527 3 41 0
p 256 640 530 3 41 0
p 256 640 533 3 41 0
p 256 640 536 4 41 0
p 256 640 540 3 41 0
p 256 640 543 4 41 0
p 256 640 547 3 41 0
p 256 640 550 3 41 0
p 256 640 553 3 41 0
p 256 640 556 4 41 0
p 256 640 560 3 41 0
p 120 640 563 4 43 0
p 448 640 567 4 44 0
p 448 640 571 3 44 0
p 448 640 574 3 44 0
p 448 640 577 4 44 0
p 448 640 581 4 44 0
p 448 640 585 3 44 0
p 448 640 588 3 44 0
p 448 640 591 4 44 0
p 0 640 595 4 45 0
p 192 320 599 8 46 0
p 192 640 607 4 47 0
p 48 640 611 4 48 0
p 192 320 615 4 49 0
p 192 320 619 4 50 0

# cells space partitioning
o 120 112 24 24
c 0 68 72 73 75
c 1 68 73 75
c 2 68 73 75
c 3 68 73 75
c 4 68 73 75
c 5 68 73 75
c 6 68 75
c 7 68 75
c 8 68 75
c 9 68 75
c 10 61 68 75
c 11 61 68 75
c 12 61 68 75
c 13 61 68 75
c 14 61 68
c 15 61 67 68
c 16 61 67 68
c 17 61 67 68
c 18 61 67 68
c 19 61 67 68
c 20 61 67 68
c 21 61 67 68
c 22 61 67 68
c 23 61 67 68
c 24 68 72 73 75
c 25 68 73 75
c 26 68 73 75
c 27 68 73 75
c 28 68 73 75
c 29 68 73 75
c 30 68 75
c 31 68 75
c 32 68 75
c 33 68 75
c 34 61 68 75
c 35 61 68 75
c 36 61 68 75
c 37 61 68 75
c 38 61 68
c 39 61 67 68
c 40 61 67 68
c 41 61 67 68
c 42 61 67 68
c 43 61 67 68
c 44 61 67 68
c 45 61 67 68
c 46 61 67 68
c 47 61 67 68
c 48 68 72 73 75
c 49 68 73 75
c 50 68 73 75
c 51 68 73 75
c 52 68 73 75
c 53 68 73 75
c 54 68 75
c 55 68 75
c 56 68 75
c 57 68 75
c 58 61 68 75
c 59 61 68 75
c 60 61 68 75
c 61 61 68 75
c 62 61 68
c 63 61 67 68
c 64 61 67 68
c 65 61 67 68
c 66 61 67 68
c 67 61 67 68
c 68 61 67 68
c 69 61 67 68
c 70 61 67 68
c 71 61 67 68
c 72 68 72 73 75
c 73 68 73 75
c 74 68 73 75
c 75 68 73 75
c 76 68 73 75
c 77 68 73 75
c 78 68 75
c 79 68 75
c 80 68 75
c 81 68 75
c 82 61 68 75
c 83 61 68 75
c 84 61 68 75
c 85 61 68 75
c 86 61 68
c 87 61 67 68
c 88 61 67 68
c 89 61 67 68
c 90 61 67 68
c 91 61 67 68
c 92 61 67 68
c 93 61 67 68
c 94 61 67 68
c 95 61 67 68
c 96 68 72 73 75
c 97 68 73 75
c 98 68 73 75
c 99 68 73 75
c 100 68 73 75
c 101 68 73 75
c 102 68 75
c 103 68 75
c 104 68 75
c 105 68 75
c 106 61 68 75
c 107 61 68 75
c 108 61 68 75
c 109 61 68 75
c 110 61 68
c 111 61 67 68
c 112 61 67 68
c 113 61 67 68
c 114 61 67 68
c 115 61 67 68
c 116 61 67 68
c 117 61 67 68
c 118 61 67 68
c 119 61 67 68
c 120 68 72 73 75
c 121 68 73 75
c 122 68 73 75
c 123 68 73 75
c 124 68 73 75
c 125 68 73 75
c 126 68 75
c 127 68 75
c 128 68 75
c 129 68 75
c 130 61 68 75
c 131 61 68 75
c 132 61 68 75
c 133 61 68 75
c 134 61 68
c 135 61 67 68
c 136 61 67 68
c 137 61 67 68
c 138 61 67 68
c 139 61 67 68
c 140 61 67 68
c 141 61 67 68
c 142 61 67 68
c 143 61 67 68
c 144 68 72 73 75
c 145 68 73 75
c 146 68 73 75
c 147 68 73 75
c 148 68 73 75
c 149 68 73 75
c 150 68 75
c 151 68 75
c 152 68 75
c 153 68 75
c 154 61 68 75
c 155 61 68 75
c 156 61 68 75
c 157 10 61 68 75
c 158 9 10 61 68
c 159 9 10 61 67 68
c 160 9 61 67 68
c 161 61 67 68
c 162 61 67 68
c 163 61 67 68
c 164 61 67 68
c 165 61 67 68
c 166 61 67 68
c 167 61 67 68
c 168 68 72 73 75
c 169 68 73 75
c 170 68 73 75
c 171 68 73 75
c 172 68 73 75
c 173 68 73 75
c 174 68 75
c 175 68 75
c 176 68 75
c 177 68 75
c 178 61 68 75
c 179 61 68 75
c 180 61 68 75
c 181 10 17 18 23 26 61 68 75
c 182 9 10 17 18 19 22 23 25 26 33 34 35 61 68
c 183 9 10 19 22 25 35 61 67 68
c 184 9 61 67 68
c 185 61 67 68
c 186 61 67 68
c 187 61 67 68
c 188 61 67 68
c 189 61 67 68
c 190 61 67 68
c 191 61 67 68
c 192 68 72 73 75
c 193 68 73 75
c 194 68 73 75
c 195 68 73 75
c 196 68 73 75
c 197 68 73 75
c 198 68 75
c 199 68 75
c 200 68 75
c 201 68 75
c 202 61 62 68 74 75
c 203 61 62 68 74 75
c 204 61 62 68 74 75
c 205 10 11 15 16 17 18 23 24 26 27 61 62 68 74 75
c 206 9 10 11 12 13 14 15 16 17 18 19 20 21 22 23 24 25 26 27 28 29 30 31 32 33 34 35 36 61 62 68 74
c 207 9 10 12 13 14 19 20 21 22 25 28 29 35 61 62 67 68
c 208 9 12 61 62 67 68
c 209 61 67 68
c 210 61 67 68
c 211 61 67 68
c 212 61 67 68
c 213 61 67 68
c 214 61 67 68
c 215 61 67 68
c 216 72 73 75
c 217 73 75
c 218 73 75
c 219 73 75
c 220 73 75
c 221 73 75
c 222 75
c 223 75
c 224 75
c 225 75
c 226 61 62 74 75
c 227 61 62 74 75
c 228 61 62 74 75
c 229 11 15 16 24 27 61 62 74 75
c 230 11 12 13 14 15 16 20 21 24 27 28 61 62 74
c 231 12 13 14 20 21 28 61 62
c 232 12 61 62
c 233 61
c 234 61
c 235 61
c 236 61
c 237 61
c 238 61
c 239 61
c 240 72 73 75
c 241 73 75
c 242 73 75
c 243 73 75
c 244 73 75
c 245 73 75
c 246 75
c 247 75
c 248 75
c 249 75
c 250 61 62 74 75
c 251 61 62 74 75
c 252 61 62 74 75
c 253 61 62 74 75
c 254 61 62 74
c 255 61 62
c 256 61 62
c 257 61
c 258 61
c 259 61
c 260 61
c 261 61
c 262 61
c 263 61
c 264 72 73 75
c 265 73 75
c 266 73 75
c 267 73 75
c 268 73 75
c 269 73 75
c 270 75
c 271 75
c 272 75
c 273 75
c 274 61 62 74 75
c 275 61 62 74 75
c 276 61 62 74 75
c 277 61 62 74 75
c 278 61 62 74
c 279 61 62
c 280 61 62
c 281 61
c 282 61
c 283 61
c 284 61
c 285 61
c 286 61
c 287 61
c 288 72 73 75
c 289 73 75
c 290 73 75
c 291 73 75
c 292 73 75
c 293 73 75
c 294 75
c 295 75
c 296 75
c 297 75
c 298 61 62 74 75
c 299 61 62 74 75
c 300 61 62 74 75
c 301 61 62 74 75
c 302 61 62 74
c 303 61 62
c 304 61 62
c 305 61
c 306 61
c 307 61
c 308 61
c 309 61
c 310 61
c 311 61
c 312 72 73 75
c 313 73 75
c 314 73 75
c 315 73 75
c 316 73 75
c 317 53 54 55 56 73 75 121 122 123 124 137 138 139 140 150 151 152
c 318 55 56 75 84 85 86 111 112 113 123 124 139 140 150 152 153
c 319 55 56 75 85 86 112 113 123 124 139 140 152 153
c 320 55 56 75 85 86 112 113 123 124 139 140 152 153
c 321 55 56 75 85 86 87 112 113 114 123 124 139 140 152 153
c 322 55 56 57 58 61 62 74 75 85 86 87 123 124 125 126 139 140 141 142 152 153 154 155
c 323 61 62 74 75
c 324 61 62 74 75
c 325 61 62 74 75
c 326 61 62 74
c 327 61 62
c 328 61 62
c 329 61
c 330 61
c 331 61
c 332 61
c 333 61
c 334 61
c 335 61
c 336 72 73
c 337 73
c 338 73
c 339 73
c 340 73
c 341 53 54 73 121 122 137 138 150 151
c 342 84 94 95 96 103 104 105 111 112 113 150 161 162 163
c 343 95 96 104 105 112 113 162 163
c 344 95 96 104 105 112 113 162 163
c 345 87 95 96 97 104 105 106 112 113 114 162 163 164
c 346 57 58 61 62 87 125 126 141 142 154 155
c 347 61 62
c 348 61 62
c 349 61 62
c 350 61 62
c 351 61 62
c 352 61 62
c 353 61
c 354 61
c 355 61
c 356 61
c 357 61
c 358 61
c 359 61
c 360 72 73
c 361 73 76
c 362 73 76
c 363 73 76
c 364 73 76
c 365 1 53 54 73 76 88 89 107 120 121 122 137 138 150 151 156 165 168
c 366 1 78 79 84 94 103 111 143 150 161 166 167
c 367 166 170
c 368 166 170
c 369 0 3 5 6 87 97 106 114 164 166
c 370 2 3 4 7 8 39 40 41 46 57 58 61 62 63 87 125 126 141 142 154 155
c 371 61 62 63
c 372 61 62 63
c 373 61 62 63
c 374 61 62 63
c 375 61 62 63
c 376 61 62 63
c 377 61 63
c 378 61 63
c 379 61 63
c 380 61 63
c 381 61 63
c 382 61 63
c 383 61 63
c 384 72 73
c 385 73 76 77
c 386 73 76 77
c 387 73 76 77
c 388 73 76 77
c 389 1 49 50 73 76 77 88 89 107 120 128 129 133 134 148 149 156 165 168
c 390 1 78 79 83 93 102 119 143 148 149 160 166 167
c 391 166 169
c 392 166 169
c 393 0 3 5 6 80 90 98 99 115 116 157 166
c 394 2 3 4 7 8 39 40 41 46 48 52 61 63 64 80 127 131 132 136 144 145
c 395 61 63 64
c 396 61 63 64
c 397 61 63 64
c 398 61 63 64
c 399 61 63 64
c 400 61 63 64
c 401 61 63 64
c 402 61 63 64
c 403 61 63 64
c 404 61 63 64
c 405 61 63 64
c 406 61 63 64
c 407 61 63 64
c 408 72 73
c 409 73 76 77
c 410 73 76 77
c 411 73 76 77
c 412 73 76 77
c 413 49 50 73 76 77 128 129 133 134 148 149
c 414 83 91 92 93 100 101 102 117 118 119 148 149 158 159 160
c 415 91 92 100 101 117 118 158 159
c 416 91 92 100 101 117 118 158 159
c 417 80 90 91 92 98 99 100 101 115 116 117 118 157 158 159
c 418 48 52 61 63 64 80 127 131 132 136 144 145
c 419 61 63 64
c 420 61 63 64
c 421 61 63 64
c 422 61 63 64
c 423 61 63 64
c 424 61 63 64
c 425 61 63 64
c 426 61 63 64
c 427 61 63 64
c 428 61 63 64
c 429 61 63 64
c 430 61 63 64
c 431 61 63 64
c 432 72 73
c 433 73 76 77
c 434 73 76 77
c 435 73 76 77
c 436 73 76 77
c 437 49 50 51 73 76 77 128 129 130 133 134 135 146 147 148 149
c 438 51 81 82 83 117 118 119 130 135 146 147 148 149
c 439 51 81 82 117 118 130 135 146 147
c 440 51 81 82 117 118 130 135 146 147
c 441 51 80 81 82 115 116 117 118 130 135 146 147
c 442 48 51 52 61 63 64 80 81 127 130 131 132 135 136 144 145 146 147
c 443 61 63 64
c 444 61 63 64
c 445 61 63 64
c 446 61 63 64
c 447 61 63 64
c 448 61 63 64
c 449 61 63 64
c 450 61 63 64
c 451 61 63 64
c 452 61 63 64
c 453 61 63 64
c 454 61 63 64
c 455 61 63 64
c 456 72 73
c 457 73 76 77
c 458 73 76 77
c 459 71 73 76 77
c 460 65 70 71 73 76 77
c 461 49 51 65 70 71 73 76 77
c 462 51 65 70
c 463 51 65 70
c 464 51 65 70
c 465 51 65 70
c 466 48 51 61 63 64 65 70
c 467 61 63 64 65
c 468 61 63 64 65
c 469 61 63 64 65
c 470 61 63 64 65
c 471 61 63 64 65
c 472 61 63 64 65
c 473 61 63 64 65
c 474 61 63 64 65
c 475 61 63 64 65
c 476 61 63 64 65
c 477 61 63 64 65
c 478 61 63 64 65
c 479 61 63 64 65
c 480 72 73
c 481 73 76 77
c 482 73 76 77
c 483 37 71 73 76 77
c 484 37 65 70 71 73 76 77
c 485 65 70 71 73 76 77
c 486 65 70
c 487 65 70
c 488 65 70
c 489 65 70
c 490 61 63 64 65 70
c 491 61 63 64 65
c 492 61 63 64 65
c 493 61 63 64 65
c 494 61 63 64 65
c 495 61 63 64 65
c 496 61 63 64 65
c 497 61 63 64 65
c 498 61 63 64 65
c 499 61 63 64 65
c 500 61 63 64 65
c 501 61 63 64 65
c 502 61 63 64 65
c 503 61 63 64 65
c 504 44 45 72 73
c 505 42 43 44 73 76 77
c 506 42 43 66 73 76 77
c 507 37 59 66 71 73 76 77
c 508 37 65 70 71 73 76 77
c 509 65 70 71 73 76 77
c 510 65 70
c 511 65 70
c 512 65 70
c 513 65 70
c 514 61 63 64 65 70
c 515 61 63 64 65
c 516 61 63 64 65
c 517 61 63 64 65
c 518 61 63 64 65
c 519 61 63 64 65
c 520 61 63 64 65
c 521 61 63 64 65
c 522 61 63 64 65
c 523 61 63 64 65
c 524 61 63 64 65
c 525 61 63 64 65
c 526 61 63 64 65
c 527 61 63 64 65
c 528 44 45 108 109
c 529 42 43 44 109 110
c 530 38 42 43 47 66 109 110
c 531 37 38 47 59 60 66 69 110
c 532 37 38 60 65 69 70
c 533 65 70
c 534 65 70
c 535 65 70
c 536 65 70
c 537 65 70
c 538 61 63 64 65 70
c 539 61 63 64 65
c 540 61 63 64 65
c 541 61 63 64 65
c 542 61 63 64 65
c 543 61 63 64 65
c 544 61 63 64 65
c 545 61 63 64 65
c 546 61 63 64 65
c 547 61 63 64 65
c 548 61 63 64 65
c 549 61 63 64 65
c 550 61 63 64 65
c 551 61 63 64 65
c 552 108 109
c 553 109 110
c 554 38 47 109 110
c 555 38 47 60 69 110
c 556 38 60 65 69
c 557 65
c 558 65
c 559 65
c 560 65
c 561 65
c 562 61 63 64 65
c 563 61 63 64 65
c 564 61 63 64 65
c 565 61 63 64 65
c 566 61 63 64 65
c 567 61 63 64 65
c 568 61 63 64 65
c 569 61 63 64 65
c 570 61 63 64 65
c 571 61 63 64 65
c 572 61 63 64 65
c 573 61 63 64 65
c 574 61 63 64 65
c 575 61 63 64 65
